0.003956322
0.005395757
0.004024295
0.003312901
0.001172359
0.001498361
0.000504476
-0.001303682
-0.002129577
-0.001348996
-0.000602317
-0.000260435
-0.002150416
-0.004085831
-0.002448018
-0.004170369
-0.002864388
-0.003456097
-0.006020085
-0.003789692
-0.002448459
-0.002658933
-0.003478087
-0.001538008
-0.001151004
-0.002875908
-0.002599385
-0.000970445
0.000750893
0.000853425
0.001085991
0.003220967
0.004579203
0.007265775
0.006487636
0.008406556
0.010957074
0.017285958
0.020552244
0.020134973
0.023808775
0.028190896
0.034767195
0.038366863
0.045540391
0.051056739
0.057610056
0.069167142
0.081003857
0.093724407
0.112816736
0.135677505
0.164299803
0.202998588
0.249483681
0.312475201
0.386495298
0.476736671
0.56605225
0.643334409
0.693449011
0.689668597
0.640160096
0.561018043
0.456031601
0.358884959
0.276197492
0.215508225
0.167813946
0.136182852
0.113544661
0.097004158
0.085429102
0.075133357
0.066805762
0.056845779
0.051078907
0.044092633
0.039913975
0.038111357
0.033601576
0.030837907
0.028138644
0.02497814
0.02313671
0.02362138
0.022711247
0.019380602
0.017902959
0.01744997
0.016228694
0.012903668
0.012545594
0.010971112
0.01050241
0.00994417
0.008099428
0.008880723
0.006907729
0.005615438
0.00708705
0.006491312
0.003736795
0.004109779
0.004129421
0.003416819
0.004080028
0.003374241
0.00322179
0.001748602
0.001331318
0.002706088
0.001172919
0.001513607
0.001092029
0.001437128
0.000250279
0.0007015
-0.002022626
-0.000453867
-0.001816753
-0.001458652
-0.0014704
-0.002584677
-0.000601447
-0.0024332
-0.001983769
-0.003387365
-0.001919097
-0.000273937
-0.000980862
-0.00015136
-0.001468919
-0.000847521
-0.000881932
-0.001793938
-0.001126474
-0.002784283
-0.003001
-0.002329187
-0.002644645
-0.003363771
-0.002245103
-0.003853874
-0.004000146
-0.004416117
-0.005485226
-0.005729502
-0.004083274
-0.005567836
-0.005994832
-0.005725187
-0.00507007
-0.004731214
-0.004250038
-0.004139427
-0.003941245
-0.004587614
-0.004601807
-0.003849092
-0.003686496
-0.004090784
-0.001725254
-0.001399892
-0.001950688
-0.00206213
-0.000113152
-0.001092064
-0.001014338
-0.000433894
-0.001637966
0.000439426
-0.001258548
-0.00013799
-0.000435029
0.000232071
0.000716024
0.000637505
0.001125313
0.001692382
0.001749131
0.0026109
0.000837054
0.000904285
-0.000313117
0.001706762
0.001480335
0.001774222
0.002383912
0.00209465
0.002853807
0.001596078
0.000391461
0.000719484
0.001939529
0.001792511
0.000374048
0.001206277
0.001404353
0.003238553
0.002277315
0.002226236
0.003333385
0.001222056
0.001599978
0.001450538
0.002466105
0.001489466
0.003831817
0.002735517
0.00363209
0.003477921
0.004577003
0.004683101
0.005438818
0.004496758
0.004850987
0.004031469
0.004725546
0.004373012
0.005447502
0.005142328
0.004975862
0.007361238
0.007908633
0.006677599
0.007296333
0.00890676
0.009555157
0.010657323
0.010898106
0.013723998
0.013750329
0.018126425
0.020745807
0.023509777
0.027121957
0.030685828
0.034912534
0.0374838
0.039597546
0.042341392
0.041268047
0.038485892
0.03689334
0.032646525
0.028063074
0.025556913
0.022598119
0.020596052
0.017160953
0.014460685
0.01224617
0.01029525
0.009390387
0.008298964
0.006533965
0.005978985
0.005647539
0.005162729
0.004860012
0.003054384
0.004184614
0.00438683
0.002590101
0.00116391
0.003523525
0.001708913
0.00113853
0.000194604
6.82E-05
0.00101977
0.000514567
0.000447333
-0.001444313
-0.001482779
-0.001501996
-0.001969893
-0.002436225
-0.002441584
-0.001993129
-0.000177397
0.000352654
4.35E-05
-0.000380789
0.000163905
-0.001416942
-0.003205905
-0.003561221
-0.003262069
-0.003393743
-0.003357159
-0.003284436
-0.003488083
-0.001364568
-0.00013745
-0.002193221
-0.000517034
-0.001233662
-0.003019632
-0.00296533
-0.003370298
-0.003162489
-0.002825307
-0.0016695
-0.001299916
-0.002022823
-0.000461004
0.00063035
0.001174375
0.001371854
0.003783657
0.005625266
0.007642669
0.009830007
0.014197643
0.020812512
0.026805272
0.034853716
0.046539961
0.064011708
0.089984192
0.1363744
0.217538047
0.355480862
0.549125597
0.731955824
0.834724985
0.841975371
0.740185563
0.57018018
0.384849265
0.243553302
0.153293939
0.098096094
0.067236914
0.045419392
0.032450305
0.022994327
0.017892173
0.012070134
0.009953414
0.007610691
0.005670627
0.003821095
0.002434268
0.001657831
-0.000968784
0.000315134
-0.001968041
-0.001231114
-0.002569695
-0.004310785
-0.003508363
-0.00262555
-0.002957593
-0.00371452
-0.003317058
-0.004138617
-0.003856431
-0.003894762
-0.004554459
-0.002877333
-0.003640471
-0.00175146
-0.002815611
-0.002656038
-0.003000032
-0.001722189
-0.002312137
-0.002460878
-0.002011306
-0.002020031
-0.003250247
-0.002944265
-0.000487261
-0.002139024
-0.000626174
8.17E-06
0.001186189
0.001309073
0.002445653
0.003392381
0.003410149
0.005223821
0.007462892
0.008986137
0.00871038
0.011428907
0.012975356
0.01176444
0.010986886
0.010931532
0.0112423
0.00938378
0.008510226
0.008445316
0.005946609
0.00607863
0.005660331
0.005401717
0.004881937
0.003412954
0.003626089
0.004606274
0.002997936
0.003097225
0.002799725
0.002248372
0.002870878
0.001423837
0.00237747
0.002047472
0.002886674
0.00166099
0.002147999
0.001719777
0.002220398
0.002092776
0.001828477
0.002100754
0.001960827
0.001449131
0.001237361
0.001561619
0.001035168
0.001134279
0.00176461
0.001499232
0.000904208
0.001612383
0.001929864
0.002074159
0.001857282
0.001835834
0.002414917
0.001654056
0.001138229
0.002541385
0.002222708
0.000372174
0.001320938
0.00098031
0.001696582
0.000708623
0.001251611
0.000953732
0.000816006
0.001642067
0.001588276
0.001735974
0.001535921
0.00116536
0.000838648
-0.000388087
0.000703917
0.000604314
0.001118598
0.000518305
0.001068012
-0.001202316
0.001096282
0.000144422
-0.000177005
-0.000172737
-0.000462049
-0.000265285
-0.000531829
-0.00084292
-0.000531833
-0.000364736
-0.000300524
-0.000978336
-0.000830866
-0.000466293
2.29E-05
-0.00171457
-0.001070172
-0.000185631
-0.000487586
-0.001053195
-0.001012037
-0.001003011
-4.63E-05
1.06E-05
-0.000835604
-0.001859107
-0.001893908
-0.001575315
-0.002101634
-0.002208605
-0.001510913
-0.002297178
-0.002614231
-0.001752299
-0.003050795
-0.003769433
-0.002489385
-0.001638672
-0.002050482
-0.001617327
-0.003133992
-0.00220557
-0.001778259
-0.001529786
-0.001600347
-0.003060253
-0.001817963
-0.001500662
-0.00150658
-0.001343453
6.49E-05
-0.000828323
-0.001142915
-0.0002669
-0.000357814
-0.000318466
-0.000173616
0.000937718
0.002084147
0.002004936
0.002171892
0.00094124
0.003324022
0.003508725
0.004823409
0.005587608
0.005601015
0.004458848
0.007303811
0.007334402
0.006897984
0.007949278
0.009783705
0.009376522
0.009715179
0.012215808
0.011316937
0.01189486
0.012633751
0.012998975
0.014618524
0.015593225
0.016593835
0.018173928
0.019883493
0.021522485
0.020961412
0.023370522
0.022673098
0.024704692
0.026198374
0.029466824
0.028683413
0.030567204
0.031546979
0.033571018
0.034493927
0.036800789
0.0376747
0.039946068
0.04149329
0.043814037
0.04576729
0.047087246
0.050379416
0.051427412
0.056073573
0.059455101
0.062554849
0.066814854
0.072465021
0.07820801
0.087189337
0.096779911
0.113210163
0.132444051
0.157907784
0.194496136
0.245898217
0.304793165
0.361041771
0.400001271
0.408614069
0.392863653
0.353462036
0.299360109
0.2468649
0.209509744
0.180298687
0.16094175
0.146978467
0.136506246
0.130141069
0.125705715
0.122786406
0.11932373
0.120411151
0.118181483
0.11923156
0.11965695
0.122557591
0.121979015
0.12209919
0.120974747
0.121890491
0.122426913
0.123182093
0.12175093
0.121842738
0.121379432
0.122049621
0.119243861
0.12061563
0.121418312
0.121809792
0.120868391
0.121068884
0.120935181
0.122215948
0.121369198
0.120445961
0.122722139
0.12052553
0.122728439
0.120281954
0.12117503
0.117686239
0.117398826
0.114195718
0.110101403
0.105820064
0.102470298
0.098085191
0.092848974
0.088635698
0.085810533
0.080821412
0.078093162
0.074001606
0.070222972
0.067249022
0.063443556
0.059279356
0.057203326
0.053473609
0.049470318
0.047347005
0.046858437
0.044539438
0.043621413
0.040932954
0.04162192
0.039231534
0.03687897
0.036243153
0.033953274
0.033289801
0.032139448
0.030694705
0.02966768
0.028688736
0.026345076
0.026545789
0.02574806
0.025439079
0.024569203
0.023517654
0.021930564
0.022693443
0.022736077
0.020957215
0.020586144
0.019934272
0.018045547
0.018311711
0.016544332
0.016091225
0.016107563
0.015365817
0.015102762
0.014418841
0.013366025
0.012245222
0.012652587
0.011918478
0.011678391
0.010976448
0.010745547
0.010852172
0.008794663
0.008723848
0.009798049
0.008344425
0.007341298
0.007232671
0.008181947
0.007347636
0.007076958
0.007352259
0.007431623
0.005319118
0.005762637
0.005481199
0.005836019
0.005887985
0.005734505
0.005371929
0.005131746
0.006183027
0.005874406
0.005413789
0.005652632
0.006287097
0.005346092
0.006921549
0.006752801
0.007087582
0.006730923
0.006832711
0.008325619
0.008438374
0.007886625
0.01012393
0.010252222
0.010388382
0.012964516
0.012420437
0.013398993
0.014554373
0.014745248
0.01485723
0.016682915
0.017276542
0.018224327
0.020141784
0.019389334
0.020516173
0.021297221
0.022453892
0.02186913
0.023695346
0.025173987
0.024083013
0.024157733
0.026612503
0.026667495
0.026171369
0.026910993
0.027385292
0.027052707
0.027844858
0.027259714
0.027137324
0.027187495
0.027767915
0.027246678
0.027348942
0.026719967
0.027601063
0.025682089
0.025508636
0.025822941
0.024554524
0.024167965
0.024507972
0.024529613
0.023462396
0.022598949
0.021504422
0.022493094
0.020496044
0.021346333
0.020327835
0.018427182
0.018620643
0.016814054
0.01760132
0.016992685
0.016149852
0.014868636
0.014955921
0.015899379
0.014193622
0.013291124
0.012648797
0.011727747
0.011497873
0.010676513
0.009212991
0.010648327
0.009581504
0.009278057
0.009066266
0.009046892
0.007071359
0.007617278
0.006096043
0.007535024
0.004988484
0.006026298
0.005825763
0.003230362
0.005813217
0.003888226
0.002977143
0.003579046
0.003971645
0.003559739
0.002866779
0.002061481
0.002757163
0.002732794
0.001314761
0.00183608
0.002083056
0.002174828
0.000983904
0.00129747
0.000985012
0.000972263
0.001249501
0.00040481
0.00060133
0.000973218
0.00067992
-7.96E-05
4.83E-05
-0.000380126
-0.000673762
-0.00058729
-0.000402313
0.000274846
-0.00055093
-0.000777318
-0.001109866
-0.000245131
-0.000207812
-0.001113626
-0.001266502
-0.001225919
-0.000636938
-0.000258851
0.000325007
0.00104657
0.001618001
0.001991973
0.002320436
0.001039587
9.36E-06
6.89E-05
-0.000431979
4.17E-05
-0.000651814
-0.000316392
-0.000236609
-0.000157333
0.000268792
0.000252707
0.00025856
-0.000534242
0.000167274
-0.000255694
-7.49E-05
0.000291622
0.000367473
-0.000973629
-0.000146991
-0.000551814
-0.001223674
-0.000482104
-0.00027361
-0.000606276
-0.000613495
-0.000181891
-0.001318086
-0.001002881
-0.000194798
-0.000604007
-0.000466422
-0.000608974
0.000607833
0.000326498
-0.000394392
0.000382607
0.000428259
0.000963631
0.001956183
0.000458681
0.000747574
0.001544759
0.002427982
0.001749394
0.002127554
0.001776845
0.001470533
0.00244794
0.001597944
0.001268858
0.001908107
0.002218134
0.001107909
0.001246533
0.00066996
0.00091938
0.000718431
-0.000360356
-6.29E-05
0.000442572
-0.000439892
-0.000630845
-0.00072293
-0.00102634
-0.000786967
0.000109391
3.48E-05
-0.001666243
-0.001529457
-0.00041747
-9.70E-05
-0.00229049
-0.000684214
-0.001598974
-0.000450928
-0.001437758
-0.000518471
-0.00155357
-0.000278195
-0.000684304
-0.001207819
-0.001667049
-0.001015808
-0.000442727
-0.000607879
-0.000249572
0.000166752
-0.00010017
-0.000498501
0.000173371
0.000740481
-0.000544731
0.000225148
-0.000792756
-0.00068705
-0.00089515
-0.000718619
-0.000643214
-0.00036285
-0.000178751
-0.000132227
-0.000941482
-0.000888623
-0.000779921
-0.000320266
-0.001025708
-0.000647565
-0.000966858
0.000406074
-0.000349693
-0.000887515
-0.000350846
0.000936748
-0.00038338
-0.000262629
-0.000170408
-0.000924009
-0.000368595
-0.000332365
4.27E-05
0.000134604
-0.000567839
-7.51E-05
4.18E-05
-0.000400943
9.36E-05
3.23E-05
-0.000268979
0.001112888
7.59E-06
0.000246734
0.000313064
0.000179263
0.000350413
0.000507061
-0.000755973
0.000543333
-6.84E-06
0.001156635
-0.00026347
0.001121778
0.00107187
0.000932278
-0.00014184
0.001045328
0.00124238
0.000191836
0.000430986
0.001295382
0.001095076
0.001684239
0.00140494
0.001016676
0.001227078
0.000806437
0.00116677
0.001290278
0.001040142
0.001455405
0.000690276
0.000446163
0.000846703
0.00024143
-0.000327812
0.000637917
0.000525735
-0.000293138
-0.000456149
-0.00069519
-0.001942219
-0.001342019
-0.001510062
-0.002194579
-0.001762405
-0.002330245